536046510	28.83	1007.26	-0.95	-1.14	-0.5	-28.49	-6.44	10.44	27.26	b'$GLGSV,1,1,00*65\r\n'
1068928594	28.84	1007.27	0.45	-0.88	-0.2	5.94	4.55	-3.02	27.17	b'$GNGLL,,,,,,V,N*7A\r\n'
1601779895	28.84	1007.31	0.38	-0.76	-0.62	-6.81	-1.37	0.18	27.17	b'$GNRMC,,V,,,,,,,,,,N*4D\r\n'
2135258906	28.83	1007.27	0.39	-0.71	-0.69	-0.18	0.2	-0.06	27.26	b'$GNVTG,,,,,,,,,N*2E\r\n'
2668427968	28.84	1007.28	-0.19	-0.11	-1.09	-6.89	-3.82	3.21	27.21	b'$GNGGA,,,,,,0,00,99.99,,,,,,*56\r\n'
3202355884	28.82	1007.28	-0.16	-0.07	-1.09	0.53	1.58	-0.05	27.17	b'$GNGSA,A,1,,,,,,,,,,,,,99.99,99.99,99.99*2E\r\n'
3737271041	28.84	1007.28	-0.15	0.15	-0.95	-3.22	2.62	-1.05	27.21	b'$GNGSA,A,1,,,,,,,,,,,,,99.99,99.99,99.99*2E\r\n'
4272103384	28.84	1007.31	-0.08	0.02	-1.04	2.39	1.0	2.54	27.26	b'$GPGSV,1,1,00*79\r\n'
4804848123	28.85	1007.21	-0.42	0.29	-0.93	-7.9	-7.67	-1.59	27.26	b'$GLGSV,1,1,00*65\r\n'
5337708904	28.85	1007.4	-0.6	0.41	-0.83	2.04	1.18	1.89	27.21	b'$GNGLL,,,,,,V,N*7A\r\n'
5912605154	28.84	1007.27	-0.52	0.4	-0.83	0.18	0.5	1.82	27.31	b'$GNRMC,,V,,,,,,,,,,N*4D\r\n'
6446263279	28.84	1007.26	-0.57	0.53	-0.91	-0.61	0.43	1.7	27.31	b'$GNVTG,,,,,,,,,N*2E\r\n'
6979366196	28.6	1006.91	-0.45	0.57	-0.76	-2.35	-1.34	-0.52	27.31	b'$GNGGA,,,,,,0,00,99.99,,,,,,*56\r\n'
7513487810	28.84	1007.25	-0.53	0.58	-0.68	0.03	0.16	-0.24	27.26	b'$GNGSA,A,1,,,,,,,,,,,,,99.99,99.99,99.99*2E\r\n'
8044232185	28.85	1007.3	-0.55	0.56	-0.71	0.44	0.49	-0.34	27.31	b'$GNGSA,A,1,,,,,,,,,,,,,99.99,99.99,99.99*2E\r\n'
8575594841	28.85	1007.24	-0.48	0.46	-0.81	5.64	2.89	-1.73	27.35	b'$GPGSV,1,1,00*79\r\n'
9104706403	28.83	1007.23	-0.44	0.18	-0.98	8.35	7.32	-0.41	27.4	b'$GLGSV,1,1,00*65\r\n'
9635509267	28.84	1007.23	0.66	-1.39	1.24	-105.22	-82.26	-4.37	27.45	b'$GNGLL,,,,,,V,N*7A\r\n'
10166464371	28.84	1007.19	1.1	-1.88	1.98	-114.38	-90.79	-4.42	27.31	b'$GNRMC,,V,,,,,,,,,,N*4D\r\n'
10700068955	28.82	1007.17	0.16	-0.22	0.93	123.18	82.68	5.72	27.35	b'$GNVTG,,,,,,,,,N*2E\r\n'
11233214475	28.84	1007.22	0.86	-0.93	-0.39	-28.05	-50.76	-22.88	27.4	b'$GNGGA,,,,,,0,00,99.99,,,,,,*56\r\n'
12520708433	28.82	1007.17	-0.2	-0.66	0.29	-59.66	-5.68	11.08	28.2	b'$GNGSA,A,1,,,,,,,,,,,,,99.99,99.99,99.99*2E\r\n'
13055613172	28.88	1007.31	0.58	-0.8	-0.58	18.21	16.09	6.28	27.45	b'$GNGSA,A,1,,,,,,,,,,,,,99.99,99.99,99.99*2E\r\n'
13591164214	28.88	1007.27	0.23	-0.97	0.08	1.09	0.52	1.02	27.45	b'$GPGSV,1,1,00*79\r\n'
14124044109	28.88	1007.32	0.24	-0.84	-0.52	1.6	-12.06	-0.23	27.4	b'$GLGSV,1,1,00*65\r\n'
14656625776	28.88	1007.32	0.17	-0.9	-0.5	4.72	3.41	-1.22	26.74	b'$GNGLL,,,,,,V,N*7A\r\n'
15187685932	28.88	1007.27	0.26	-0.99	0.13	-8.11	31.82	-2.3	27.49	b'$GNRMC,,V,,,,,,,,,,N*4D\r\n'
15721065932	28.91	1007.31	0.43	-0.97	-0.06	1.2	7.21	-3.62	26.79	b'$GNVTG,,,,,,,,,N*2E\r\n'
16254193952	28.91	1007.25	-0.38	-0.74	-0.68	-0.62	-36.65	2.03	28.2	b'$GNGGA,,,,,,0,00,99.99,,,,,,*56\r\n'
16788222963	28.92	1007.32	1.14	-1.12	0.48	9.98	-89.26	-17.82	28.2	b'$GNGSA,A,1,,,,,,,,,,,,,99.99,99.99,99.99*2E\r\n'
17323027337	28.92	1007.22	0.48	-0.96	-0.11	-4.62	0.98	-10.49	26.74	b'$GNGSA,A,1,,,,,,,,,,,,,99.99,99.99,99.99*2E\r\n'
17857903743	28.92	1007.23	0.69	-0.96	0.11	-5.26	13.15	0.59	28.2	b'$GPGSV,1,1,00*79\r\n'
18390626608	28.93	1007.26	0.15	-0.93	-0.35	3.65	-22.75	-0.59	27.49	b'$GLGSV,1,1,00*65\r\n'
18923362806	28.93	1007.3	-0.12	-1.03	0.23	12.31	-24.16	0.94	27.54	b'$GNGLL,,,,,,V,N*7A\r\n'
19456465097	28.92	1007.2	0.36	-0.89	0.23	2.18	-4.69	1.78	27.49	b'$GNRMC,,V,,,,,,,,,,N*4D\r\n'
19989473951	28.93	1007.3	0.2	-0.91	0.08	-2.07	32.85	-2.6	27.59	b'$GNVTG,,,,,,,,,N*2E\r\n'
20519913378	28.94	1007.29	0.14	-1.03	-0.11	3.58	5.05	-6.59	27.49	b'$GNGGA,,,,,,0,00,99.99,,,,,,*56\r\n'
21051669471	28.94	1007.26	0.37	-0.93	-0.05	-0.5	1.39	-0.5	27.64	b'$GNGSA,A,1,,,,,,,,,,,,,99.99,99.99,99.99*2E\r\n'
21582450200	28.95	1007.24	0.41	-0.93	-0.11	1.02	0.62	-0.27	27.68	b'$GNGSA,A,1,,,,,,,,,,,,,99.99,99.99,99.99*2E\r\n'
22114818377	28.94	1007.25	0.38	-0.94	-0.04	1.13	-0.04	-0.49	27.64	b'$GPGSV,1,1,00*79\r\n'
22645498533	28.94	1007.25	0.36	-0.94	-0.04	-0.85	0.04	-0.76	27.54	b'$GLGSV,1,1,00*65\r\n'
23178401606	28.95	1007.22	0.35	-0.95	-0.04	0.25	0.3	-0.13	27.59	b'$GNGLL,,,,,,V,N*7A\r\n'
23711427647	28.95	1007.19	0.68	-0.31	-0.73	-9.51	-10.35	-23.85	27.59	b'$GNRMC,,V,,,,,,,,,,N*4D\r\n'
24245022543	28.96	1007.28	1.0	-0.77	-0.29	7.95	6.86	-3.15	27.59	b'$GNVTG,,,,,,,,,N*2E\r\n'
24776337074	28.95	1007.22	1.21	-0.16	-0.55	0.14	5.92	-6.67	27.64	b'$GNGGA,,,,,,0,00,99.99,,,,,,*56\r\n'
25310557959	28.96	1007.24	0.96	-0.33	0.03	-2.18	9.47	3.37	27.64	b'$GNGSA,A,1,,,,,,,,,,,,,99.99,99.99,99.99*2E\r\n'
25845822074	28.95	1007.22	1.24	0.07	-0.0	2.35	4.92	-0.85	27.68	b'$GNGSA,A,1,,,,,,,,,,,,,99.99,99.99,99.99*2E\r\n'
26381169001	28.96	1007.26	1.0	0.11	0.02	0.09	-0.89	-0.08	27.68	b'$GPGSV,1,1,00*79\r\n'
26952352230	28.96	1007.23	0.58	-0.67	-0.35	3.59	3.56	22.25	27.68	b'$GLGSV,1,1,00*65\r\n'
27485306500	28.96	1007.24	0.09	-0.96	-0.02	-0.21	0.31	0.04	27.68	b'$GNGLL,,,,,,V,N*7A\r\n'
28018423323	28.97	1007.25	0.21	-0.98	0.04	0.05	0.19	-0.09	27.73	b'$GNRMC,,V,,,,,,,,,,N*4D\r\n'
28551872073	28.97	1007.25	0.19	-0.96	0.03	0.03	0.2	-0.11	27.78	b'$GNVTG,,,,,,,,,N*2E\r\n'
29084962906	28.98	1007.27	0.2	-0.96	0.05	0.17	0.13	-0.18	27.73	b'$GNGGA,,,,,,0,00,99.99,,,,,,*56\r\n'
29619170770	28.97	1007.25	0.19	-0.97	0.04	0.05	0.17	-0.09	27.64	b'$GNGSA,A,1,,,,,,,,,,,,,99.99,99.99,99.99*2E\r\n'
30154383583	28.99	1007.22	0.19	-0.97	0.05	0.04	0.18	-0.11	27.64	b'$GNGSA,A,1,,,,,,,,,,,,,99.99,99.99,99.99*2E\r\n'
30689817436	28.99	1007.29	0.21	-0.96	0.03	0.03	0.17	-0.07	27.68	b'$GPGSV,1,1,00*79\r\n'
31222710353	28.99	1007.25	0.16	-0.97	0.02	0.15	0.17	-0.28	27.78	b'$GLGSV,1,1,00*65\r\n'
31755683113	29.0	1007.25	0.22	-1.03	0.02	-1.92	0.28	-0.05	27.73	b'$GNGLL,,,,,,V,N*7A\r\n'
32288797905	29.0	1007.3	0.19	-0.97	0.03	-0.03	0.23	-0.07	27.78	b'$GNRMC,,V,,,,,,,,,,N*4D\r\n'
32822332488	29.0	1007.2	0.17	-0.97	0.01	0.08	0.19	-0.15	27.73	b'$GNVTG,,,,,,,,,N*2E\r\n'
33351725821	28.99	1007.22	0.18	-0.97	0.02	0.15	0.17	-0.18	27.78	b'$GNGGA,,,,,,0,00,99.99,,,,,,*56\r\n'
33882994987	29.01	1007.23	0.19	-0.96	0.03	0.02	0.18	-0.1	27.78	b'$GNGSA,A,1,,,,,,,,,,,,,99.99,99.99,99.99*2E\r\n'
34415835612	29.0	1007.25	0.19	-0.97	0.04	0.06	0.18	-0.17	27.82	b'$GNGSA,A,1,,,,,,,,,,,,,99.99,99.99,99.99*2E\r\n'
34946790768	29.01	1007.26	0.18	-0.97	0.03	0.01	0.16	-0.1	27.82	b'$GPGSV,1,1,00*79\r\n'
35477731341	29.02	1007.26	0.18	-0.97	0.03	0.01	0.2	-0.09	27.87	b'$GLGSV,1,1,00*65\r\n'
36010802434	29.03	1007.26	0.19	-0.95	0.03	-0.02	0.21	0.05	27.82	b'$GNGLL,,,,,,V,N*7A\r\n'
